0.85890	-0.40317	0.31581	0.00000
0.44659	0.89146	-0.07650	0.00000
-0.25069	0.20675	0.94573	0.00000
0.00000	0.00000	0.00000	1.00000

